0.00000000 -1.00000000 0.00000000 0.0376
0.00000000 -1.00000000 0.00000000 0.0376
0.00000000 -1.00000000 0.00000000 0.0376
0.00000000 -1.00000000 0.00000000 0.0376
0.00000000 1.00000000 0.00000000 0.0376
0.00000000 1.00000000 0.00000000 0.0376
0.00000000 1.00000000 0.00000000 0.0376
0.00000000 1.00000000 0.00000000 0.0376
0.00000000 1.00000000 0.00000000 0.0376
0.00000000 1.00000000 0.00000000 0.0376
0.00000000 1.00000000 0.00000000 0.0376
0.00000000 1.00000000 0.00000000 0.0376
0.00000000 1.00000000 0.00000000 0.0376
0.00000000 1.00000000 0.00000000 0.0376
0.00000000 1.00000000 0.00000000 0.0376
0.00000000 1.00000000 0.00000000 0.0376
0.00000000 1.00000000 0.00000000 0.0376
0.00000000 1.00000000 0.00000000 0.0376
0.00000000 1.00000000 0.00000000 0.0376
0.00000000 1.00000000 0.00000000 0.0376
0.00000000 1.00000000 0.00000000 0.0376